











排名

球隊名稱

賽

勝

平

負

進

失

淨

主場積分


1

巴塞

19

15

3

1

45

15

30

48


2

巴倫西

19

10

8

1

34

16

18

38


3

皇馬

19

11

4

4

40

21

19

37


4

切爾達

18

12

0

6

24

13

11

36


5

奧薩蘇

18

11

3

4

26

19

7

36


6

塞維利

17

10

5

2

22

10

12

35


7

加泰

19

8

7

4

32

24

8

31


8

比利亞

18

8

6

4

26

18

8

30


9

貝蒂斯

19

8

5

6

19

19

0

29


10

皇家社會

19

8

4

7

31

27

4

28


11

馬德里

18

7

5

6

20

17

3

26


12

薩拉戈

19

6

6

7

26

26

0

24


13

畢爾巴

18

6

6

6

16

17

-1

24


14

馬洛卡

18

5

8

5

18

20

-2

23


15

拉科

19

6

5

8

19

22

-3

23


16

西班牙人

18

6

4

8

25

24

1

22


17

艾拉維

18

5

6

7

19

24

-5

21


18

桑坦德

19

4

6

9

18

26

-8

18


19

卡迪斯

18

3

8

7

17

25

-8

17


20

馬拉加

19

3

5

11

16

25

-9

14