










球隊名稱

總積分榜

積分


排名

球隊

賽

勝

平

負

進

失

淨


1

巴塞

36

25

7

4

77

29

4882-->

82


2

皇馬

37

20

10

7

67

36

3170-->

70


3

巴倫西

37

19

12

6

57

31

2669-->

69


4

奧薩蘇

37

20

5

12

47

42

565-->

65


5

塞維利

36

18

8

10

47

34

1362-->

62


6

切爾達

37

19

4

14

44

33

1161-->

61


7

拉科

37

15

10

12

47

44

355-->

55


8

比利亞

37

13

15

9

48

39

954-->

54


9

加泰

37

15

9

13

54

48

654-->

54


10

馬德里

37

13

12

12

44

36

851-->

51


11

薩拉戈

37

10

16

11

45

48

-346-->

46


12

畢爾巴

37

10

12

15

37

45

-842-->

42


13

貝蒂斯

37

10

11

16

33

50

-1741-->

41


14

桑坦德

37

9

13

15

36

47

-1140-->

40


15

皇家社會

37

11

7

19

48

64

-1640-->

40


16

馬洛卡

37

9

13

15

34

50

-1640-->

40


17

西班牙人

37

9

11

17

35

56

-2138-->

38


18

艾拉維

37

8

12

17

34

54

-2036-->

36


19

卡迪斯

37

7

12

18

31

52

-2133-->

33


20

馬拉加

37

5

9

23

36

63

-2724-->

24